,Release Date,Movie,Budget,Domestic Gross,Worldwide Gross,Year,Week,Dom_Profits,WW_Profits
0,2009-12-18,Avatar,425000000,760507625,2789705275,2009,51,335507625,2364705275
1,2011-05-20,Pirates of the Caribbean: On Stranger Tides,410600000,241063875,1045663875,2011,20,-169536125,635063875
2,2019-04-26,Avengers: Endgame,400000000,856576358,2793060360,2019,17,456576358,2393060360
3,2019-06-07,Dark Phoenix,350000000,65595183,246286679,2019,23,-284404817,-103713321
4,2015-05-01,Avengers: Age of Ultron,330600000,459005868,1403013963,2015,18,128405868,1072413963
5,2017-12-15,Star Wars Ep. VIII: The Last Jedi,317000000,620181382,1316721747,2017,50,303181382,999721747
6,2015-12-18,Star Wars Ep. VII: The Force Awakens,306000000,936662225,2053311220,2015,51,630662225,1747311220
7,2018-04-27,Avengers: Infinity War,300000000,678815482,2048134200,2018,17,378815482,1748134200
8,2007-05-24,Pirates of the Caribbean: At World's End,300000000,309420425,963420425,2007,21,9420425,663420425
9,2017-11-17,Justice League,300000000,229024295,655945209,2017,46,-70975705,355945209
10,2015-11-06,Spectre,300000000,200074175,879620923,2015,45,-99925825,579620923
11,2012-07-20,The Dark Knight Rises,275000000,448139099,1084439099,2012,29,173139099,809439099
12,2018-05-25,Solo: A Star Wars Story,275000000,213767512,393151347,2018,21,-61232488,118151347
13,2013-07-02,The Lone Ranger,275000000,89302115,260002115,2013,27,-185697885,-14997885
14,2012-03-09,John Carter,275000000,73058679,282778100,2012,10,-201941321,7778100
15,2010-11-24,Tangled,260000000,200821936,586477240,2010,47,-59178064,326477240
16,2007-05-04,Spider-Man 3,258000000,336530303,894860230,2007,18,78530303,636860230
17,2016-05-06,Captain America: Civil War,250000000,408084349,1140069413,2016,18,158084349,890069413
18,2016-03-25,Batman v Superman: Dawn of Justice,250000000,330360194,867500281,2016,12,80360194,617500281
19,2012-12-14,The Hobbit: An Unexpected Journey,250000000,303003568,1017003568,2012,50,53003568,767003568
20,2009-07-15,Harry Potter and the Half-Blood Prince,250000000,302089278,935213767,2009,29,52089278,685213767
21,2013-12-13,The Hobbit: The Desolation of Smaug,250000000,258366855,960366855,2013,50,8366855,710366855
22,2014-12-17,The Hobbit: The Battle of the Five Armies,250000000,255119788,945577621,2014,51,5119788,695577621
23,2017-04-14,The Fate of the Furious,250000000,225764765,1234846267,2017,15,-24235235,984846267
24,2006-06-28,Superman Returns,232000000,200120000,374085065,2006,26,-31880000,142085065
25,2017-05-26,Pirates of the Caribbean: Dead Men Tell No Tales,230000000,172558876,788241137,2017,21,-57441124,558241137
26,2008-11-14,Quantum of Solace,230000000,169368427,591692078,2008,46,-60631573,361692078
27,2012-05-04,The Avengers,225000000,623279547,1517935897,2012,18,398279547,1292935897
28,2006-07-07,Pirates of the Caribbean: Dead Man's Chest,225000000,423315812,1066215812,2006,27,198315812,841215812
29,2013-06-14,Man of Steel,225000000,291045518,667999518,2013,24,66045518,442999518
30,2008-05-16,The Chronicles of Narnia: Prince Caspian,225000000,141621490,417341288,2008,20,-83378510,192341288
31,2020-07-17,Tenet,224000000,0,0,2020,29,-224000000,-224000000
32,2012-07-03,The Amazing Spider-Man,220000000,262030663,757890267,2012,27,42030663,537890267
33,2012-05-18,Battleship,220000000,65233400,313477717,2012,20,-154766600,93477717
34,2017-06-21,Transformers: The Last Knight,217000000,130168683,602893340,2017,25,-86831317,385893340
35,2015-06-12,Jurassic World,215000000,652270625,1648854864,2015,24,437270625,1433854864
36,2012-05-25,Men in Black 3,215000000,179020854,654213485,2012,21,-35979146,439213485
37,2009-06-24,Transformers: Revenge of the Fallen,210000000,402111870,836519699,2009,26,192111870,626519699
38,2014-06-27,Transformers: Age of Extinction,210000000,245439076,1104039076,2014,26,35439076,894039076
39,2006-05-26,X-Men: The Last Stand,210000000,234362462,459260946,2006,21,24362462,249260946
40,2010-05-14,Robin Hood,210000000,105487148,322459006,2010,19,-104512852,112459006
41,2005-12-14,King Kong,207000000,218080025,550517357,2005,50,11080025,343517357
42,2007-12-07,The Golden Compass,205000000,70107728,367262558,2007,49,-134892272,162262558
43,2018-02-16,Black Panther,200000000,700059566,1348258224,2018,7,500059566,1148258224
45,2018-06-15,Incredibles 2,200000000,608581744,1242520711,2018,24,408581744,1042520711
46,2016-12-16,Rogue One: A Star Wars Story,200000000,532177324,1049102856,2016,50,332177324,849102856
47,2016-06-17,Finding Dory,200000000,486295561,1021215193,2016,24,286295561,821215193
48,2010-06-18,Toy Story 3,200000000,415004880,1068879522,2010,24,215004880,868879522
49,2013-05-03,Iron Man 3,200000000,408992272,1215392272,2013,18,208992272,1015392272
50,2017-05-05,Guardians of the Galaxy Vol 2,200000000,389813101,862316233,2017,18,189813101,662316233
51,2004-06-30,Spider-Man 2,200000000,373524485,795110670,2004,27,173524485,595110670
52,2010-03-05,Alice in Wonderland,200000000,334191110,1025491110,2010,9,134191110,825491110
53,2012-11-08,Skyfall,200000000,304360277,1110526981,2012,45,104360277,910526981
54,2013-06-21,Monsters University,200000000,268488329,743588329,2013,25,68488329,543588329
55,2013-03-08,Oz the Great and Powerful,200000000,234770996,490359051,2013,10,34770996,290359051
56,2014-05-23,X-Men: Days of Future Past,200000000,233921534,747862775,2014,21,33921534,547862775
57,2014-05-02,The Amazing Spider-Man 2,200000000,202853933,708996336,2014,18,2853933,508996336
58,2011-06-24,Cars 2,200000000,191450875,560155383,2011,25,-8549125,360155383
59,2010-12-17,Tron: Legacy,200000000,172062763,400062763,2010,50,-27937237,200062763
60,2009-11-13,2012,200000000,166112167,757677748,2009,46,-33887833,557677748
61,2018-11-16,Fantastic Beasts: The Crimes of Grindelwald,200000000,159555901,652220086,2018,46,-40444099,452220086
62,2009-05-21,Terminator Salvation,200000000,125322469,365491792,2009,21,-74677531,165491792
63,2011-06-17,Green Lantern,200000000,116601172,219535492,2011,24,-83398828,19535492
64,2010-05-28,Prince of Persia: Sands of Time,200000000,90759676,336359676,2010,21,-109240324,136359676
65,2011-06-29,Transformers: Dark of the Moon,195000000,352390543,1123790543,2011,26,157390543,928790543
66,2017-06-09,The Mummy,195000000,80101125,409953905,2017,23,-114898875,214953905
67,2013-03-01,Jack the Giant Slayer,195000000,65187603,197687603,2013,9,-129812397,2687603
68,2015-04-03,Furious 7,190000000,353007020,1518722794,2015,14,163007020,1328722794
69,2013-05-16,Star Trek Into Darkness,190000000,228778661,467381584,2013,20,38778661,277381584
70,2013-06-21,World War Z,190000000,202359711,531514650,2013,25,12359711,341514650
71,2013-05-10,The Great Gatsby,190000000,144840419,351040419,2013,19,-45159581,161040419
72,2009-11-06,Disney's A Christmas Carol,190000000,137855863,315709697,2009,45,-52144137,125709697
73,2013-07-12,Pacific Rim,190000000,101802906,411002906,2013,28,-88197094,221002906
74,2015-11-25,The Good Dinosaur,187500000,123087120,333771037,2015,48,-64412880,146271037
75,2008-05-02,Iron Man,186000000,318604126,585171547,2008,18,132604126,399171547
76,2008-07-18,The Dark Knight,185000000,533720947,1001996207,2008,29,348720947,816996207
77,2008-05-22,Indiana Jones and the Kingdom of the Crystal Skull,185000000,317101119,786635413,2008,21,132101119,601635413
78,2012-06-22,Brave,185000000,237282182,554606532,2012,25,52282182,369606532
79,2017-03-10,Kong: Skull Island,185000000,168052812,561072059,2017,10,-16947188,376072059
80,2016-07-22,Star Trek Beyond,185000000,158848340,335802233,2016,29,-26151660,150802233
81,2017-10-06,Blade Runner 2049,185000000,92054159,259357408,2017,40,-92945841,74357408
82,2019-05-24,Aladdin,182000000,346180234,1009980234,2019,21,164180234,827980234
83,2017-11-03,Thor: Ragnarok,180000000,315058289,846980024,2017,44,135058289,666980024
84,2005-12-09,"The Chronicles of Narnia: The Lion, the Witch and the Wardrobe",180000000,291710957,720539572,2005,49,111710957,540539572
85,2014-05-30,Maleficent,180000000,241407328,758536735,2014,22,61407328,578536735
86,2016-11-18,Fantastic Beasts and Where to Find Them,180000000,234037575,802402853,2016,46,54037575,622402853
87,2008-06-27,WALL-E,180000000,223808164,532508025,2008,26,43808164,352508025
88,2007-08-10,Rush Hour 3,180000000,140125968,256585882,2007,32,-39874032,76585882
89,2016-07-01,The Legend of Tarzan,180000000,126643061,348902025,2016,26,-53356939,168902025
90,2011-11-23,Hugo,180000000,73864507,180047784,2011,47,-106135493,47784
91,2017-07-21,Valerian and the City of a Thousand Planets,180000000,40479370,215098356,2017,29,-139520630,35098356
92,2015-02-06,Jupiter Ascending,179000000,47482519,181982519,2015,6,-131517481,2982519
93,2018-07-27,Mission: ImpossibleâFallout,178000000,220159104,787456552,2018,30,42159104,609456552
94,2016-05-27,X-Men: Apocalypse,178000000,155442489,542537546,2016,21,-22557511,364537546
95,2018-08-10,The Meg,178000000,145443742,529530715,2018,32,-32556258,351530715
96,2014-06-06,Edge of Tomorrow,178000000,100206256,370541256,2014,23,-77793744,192541256
97,2019-03-08,Captain Marvel,175000000,426829839,1123365437,2019,10,251829839,948365437
98,2016-04-15,The Jungle Book,175000000,364001123,962854547,2016,15,189001123,787854547
99,2015-06-19,Inside Out,175000000,356461711,854235992,2015,25,181461711,679235992
100,2017-07-07,Spider-Man: Homecoming,175000000,334201140,880166350,2017,27,159201140,705166350
101,2016-08-05,Suicide Squad,175000000,325100054,746059887,2016,31,150100054,571059887
102,2009-05-29,Up,175000000,293004164,731463377,2009,22,118004164,556463377
103,2017-11-22,Coco,175000000,209726015,798008101,2017,47,34726015,623008101
104,2018-11-21,Ralph Breaks The Internet,175000000,201091711,523480372,2018,47,26091711,348480372
105,2009-03-27,Monsters vs. Aliens,175000000,198351526,381687380,2009,13,23351526,206687380
106,2017-06-16,Cars 3,175000000,152901115,383541369,2017,24,-22098885,208541369
107,2009-08-07,G.I. Joe: The Rise of Cobra,175000000,150201498,302469017,2009,32,-24798502,127469017
109,2008-08-01,The Mummy: Tomb of the Dragon Emperor,175000000,102491776,405760225,2008,31,-72508224,230760225
110,2007-06-22,Evan Almighty,175000000,100289690,174131329,2007,25,-74710310,-868671
112,2017-05-12,King Arthur: Legend of the Sword,175000000,39175066,139630336,2017,19,-135824934,-35369664
113,2013-12-25,47 Ronin,175000000,38362475,151716815,2013,52,-136637525,-23283185
114,2018-06-22,Jurassic World: Fallen Kingdom,170000000,417719760,1305772799,2018,25,247719760,1135772799
115,2014-08-01,Guardians of the Galaxy,170000000,333172112,770867516,2014,31,163172112,600867516
116,2010-05-07,Iron Man 2,170000000,312433331,621156389,2010,18,142433331,451156389
117,2014-04-04,Captain America: The Winter Soldier,170000000,259746958,714401889,2014,14,89746958,544401889
118,2014-07-11,Dawn of the Planet of the Apes,170000000,208545589,710644566,2014,28,38545589,540644566
119,2004-11-10,The Polar Express,170000000,187224605,311365187,2004,46,17224605,141365187
120,2012-06-01,Snow White and the Huntsman,170000000,155136755,401021746,2012,22,-14863245,231021746
121,2003-07-01,Terminator 3: Rise of the Machines,170000000,150358296,433058296,2003,27,-19641704,263058296
122,2004-05-07,Van Helsing,170000000,120150546,300150546,2004,19,-49849454,130150546
123,2019-03-29,Dumbo,170000000,114737488,344939804,2019,13,-55262512,174939804
124,2019-05-31,Godzilla: King of the Monsters,170000000,109935054,382738410,2019,22,-60064946,212738410
125,2015-05-22,Tomorrowland,170000000,93436322,206627518,2015,21,-76563678,36627518
126,2019-02-14,Alita: Battle Angel,170000000,85710210,402971268,2019,7,-84289790,232971268
127,2016-05-27,Alice Through the Looking Glass,170000000,77042381,276928112,2016,21,-92957619,106928112
128,2010-05-21,Shrek Forever After,165000000,238736787,756244673,2010,20,73736787,591244673
129,2016-11-04,Doctor Strange,165000000,232641920,676404566,2016,44,67641920,511404566
130,2014-11-07,Big Hero 6,165000000,222527828,652127828,2014,45,57527828,487127828
131,2010-03-26,How to Train Your Dragon,165000000,217581232,494870992,2010,12,52581232,329870992
132,2012-11-02,Wreck-It Ralph,165000000,189412677,496511521,2012,44,24412677,331511521
133,2014-11-05,Interstellar,165000000,188017894,665943611,2014,45,23017894,500943611
134,2016-06-24,Independence Day: Resurgence,165000000,103144286,384169424,2016,25,-61855714,219169424
135,2011-07-29,Cowboys and Aliens,163000000,100368560,176038324,2011,30,-62631440,13038324
136,2017-03-17,Beauty and the Beast,160000000,504014165,1259199706,2017,11,344014165,1099199706
137,2019-07-02,Spider-Man: Far From Home,160000000,344707413,1037107413,2019,27,184707413,877107413
138,2018-12-21,Aquaman,160000000,335061807,1146894640,2018,51,175061807,986894640
139,2007-05-17,Shrek the Third,160000000,322719944,807330936,2007,20,162719944,647330936
140,2010-07-16,Inception,160000000,292576195,835524642,2010,28,132576195,675524642
141,2015-11-20,The Hunger Games: Mockingjay - Part 2,160000000,281723902,648986787,2015,47,121723902,488986787
142,2013-05-24,Fast and Furious 6,160000000,238679850,789300444,2013,21,78679850,629300444
143,2014-05-16,Godzilla,160000000,200676069,529076069,2014,20,40676069,369076069
144,2011-06-03,X-Men: First Class,160000000,146408305,355408305,2011,22,-13591695,195408305
145,2008-12-25,The Curious Case of Benjamin Button,160000000,127509326,329631958,2008,52,-32490674,169631958
146,2010-07-14,The Sorcerer's Apprentice,160000000,63150991,217986320,2010,28,-96849009,57986320
147,2006-05-12,Poseidon,160000000,60674817,181674817,2006,19,-99325183,21674817
148,2016-06-10,Warcraft,160000000,47225655,425522281,2016,23,-112774345,265522281
149,2016-09-30,Deepwater Horizon,156000000,61433527,122603824,2016,39,-94566473,-33396176
150,2010-12-10,The Chronicles of Narnia: The Voyage of the Dawn Treader,155000000,104386950,418186950,2010,49,-50613050,263186950
151,2015-07-01,Terminator: Genisys,155000000,89760956,432150894,2015,27,-65239044,277150894
152,2018-03-23,Pacific Rim: Uprising,155000000,59874525,290930148,2018,12,-95125475,135930148
153,2004-11-24,Alexander,155000000,34297191,167297191,2004,48,-120702809,12297191
154,2017-07-14,War for the Planet of the Apes,152000000,146880162,489592267,2017,28,-5119838,337592267
155,2001-05-25,Pearl Harbor,151500000,198539855,449239855,2001,21,47039855,297739855
156,2007-07-02,Transformers,151000000,319246193,708272592,2007,27,168246193,557272592
157,2017-06-02,Wonder Woman,150000000,412563408,821133378,2017,22,262563408,671133378
158,2013-11-22,Frozen,150000000,400738009,1272469910,2013,47,250738009,1122469910
159,2016-03-04,Zootopia,150000000,341268248,1019429616,2016,9,191268248,869429616
160,2007-07-11,Harry Potter and the Order of the Phoenix,150000000,292137260,943076457,2007,28,142137260,793076457
161,2005-11-18,Harry Potter and the Goblet of Fire,150000000,290201752,897099794,2005,46,140201752,747099794
162,2003-05-15,The Matrix Reloaded,150000000,281553689,738576929,2003,20,131553689,588576929
163,2007-12-14,I am Legend,150000000,256393010,585532684,2007,50,106393010,435532684
164,2016-11-23,Moana,150000000,248757044,637517365,2016,47,98757044,487517365
165,2008-07-01,Hancock,150000000,227946274,624234272,2008,27,77946274,474234272
166,2005-07-15,Charlie and the Chocolate Factory,150000000,206459076,475825484,2005,28,56459076,325825484
167,2007-06-29,Ratatouille,150000000,206445654,626549695,2007,26,56445654,476549695
168,2013-11-08,Thor: The Dark World,150000000,206362140,644602516,2013,45,56362140,494602516
169,2005-06-15,Batman Begins,150000000,205343774,359142722,2005,24,55343774,209142722
170,2015-07-31,Mission: ImpossibleâRogue Nation,150000000,195042377,688858992,2015,31,45042377,538858992
171,2017-07-21,Dunkirk,150000000,190068280,499837368,2017,29,40068280,349837368
172,2011-05-06,Thor,150000000,181030624,449326618,2011,18,31030624,299326618
173,2008-11-07,Madagascar: Escape 2 Africa,150000000,180174880,599680774,2008,45,30174880,449680774
174,2009-05-01,X-Men Origins: Wolverine,150000000,179883157,374825760,2009,18,29883157,224825760
175,2009-05-22,Night at the Museum: Battle of the Smithsonian,150000000,177243721,402231063,2009,21,27243721,252231063
176,2011-05-26,Kung Fu Panda 2,150000000,165249063,664837547,2011,21,15249063,514837547
177,2015-05-15,Mad Max: Fury Road,150000000,153636354,370098020,2015,20,3636354,220098020
178,2019-05-10,PokÃ©mon: Detective Pikachu,150000000,143841467,429793554,2019,19,-6158533,279793554
179,2003-11-05,The Matrix Revolutions,150000000,139270910,427300260,2003,45,-10729090,277300260
180,2018-03-29,Ready Player One,150000000,137690172,579290136,2018,13,-12309828,429290136
181,2005-11-04,Chicken Little,150000000,135386665,310043823,2005,44,-14613335,160043823
182,2006-05-05,Mission: Impossible III,150000000,133501348,397501348,2006,18,-16498652,247501348
183,2009-05-15,Angels & Demons,150000000,133375846,490875846,2009,20,-16624154,340875846
184,2004-05-14,Troy,150000000,133298577,484161265,2004,20,-16701423,334161265
185,2010-07-01,The Last Airbender,150000000,131772187,319713881,2010,26,-18227813,169713881
186,2007-11-02,Bee Movie,150000000,126631277,287594577,2007,44,-23368723,137594577
187,2009-07-24,G-Force,150000000,119436770,292817841,2009,30,-30563230,142817841
188,2008-11-21,Bolt,150000000,114053579,328015029,2008,47,-35946421,178015029
189,2012-03-30,Wrath of the Titans,150000000,83670083,305270083,2012,13,-66329917,155270083
190,2007-11-16,Beowulf,150000000,82280579,195080579,2007,46,-67719421,45080579
191,2012-05-11,Dark Shadows,150000000,79727149,238202668,2012,19,-70272851,88202668
192,2013-06-28,White House Down,150000000,73103784,205440387,2013,26,-76896216,55440387
193,2010-02-12,The Wolfman,150000000,62189884,142634358,2010,6,-87810116,-7365642
194,2017-02-17,The Great Wall,150000000,45157105,334486852,2017,7,-104842895,184486852
195,2015-10-09,Pan,150000000,35088320,151525973,2015,41,-114911680,1525973
196,2011-03-11,Mars Needs Moms,150000000,21392758,39549758,2011,10,-128607242,-110450242
197,2020-12-31,Moonfall,150000000,0,0,2020,53,-150000000,-150000000
198,2006-11-03,Flushed Away,149000000,64665672,179357126,2006,44,-84334328,30357126
199,2012-06-08,Madagascar 3: Europe's Most Wanted,145000000,216391482,746921271,2012,23,71391482,601921271
200,2011-12-16,Mission: ImpossibleâGhost Protocol,145000000,209397903,694713230,2011,50,64397903,549713230
201,2014-06-13,How to Train Your Dragon 2,145000000,177002924,614586270,2014,24,32002924,469586270
203,2014-03-07,Mr. Peabody & Sherman,145000000,111506430,269806430,2014,10,-33493570,124806430
204,2012-11-21,Rise of the Guardians,145000000,103412758,306900902,2012,47,-41587242,161900902
205,2005-04-08,Sahara,145000000,68671925,121671925,2005,14,-76328075,-23328075
206,2016-07-15,Ghostbusters,144000000,128350574,229008658,2016,28,-15649426,85008658
207,2002-11-22,Die Another Day,142000000,160942139,431942139,2002,47,18942139,289942139
208,2003-07-09,Pirates of the Caribbean: The Curse of the Black Pearl,140000000,305411224,634954103,2003,28,165411224,494954103
209,2009-05-08,Star Trek,140000000,257730019,386839614,2009,19,117730019,246839614
211,2002-07-03,Men in Black 2,140000000,190418803,441767803,2002,27,50418803,301767803
212,2011-07-22,Captain America: The First Avenger,140000000,176654505,370569776,2011,29,36654505,230569776
213,2016-01-29,Kung Fu Panda 3,140000000,143528619,517599142,2016,4,3528619,377599142
215,2013-03-27,G.I. Joe: Retaliation,140000000,122523060,375740705,2013,13,-17476940,235740705
216,2003-12-05,The Last Samurai,140000000,111110575,456810575,2003,49,-28889425,316810575
217,2005-12-21,Fun With Dick And Jane,140000000,110550000,203018919,2005,51,-29450000,63018919
218,2014-12-12,Exodus: Gods and Kings,140000000,65014513,268314513,2014,50,-74985487,128314513
219,2016-07-01,The BFG,140000000,55483770,199646680,2016,26,-84516230,59646680
220,2016-02-26,Gods of Egypt,140000000,31153464,138836756,2016,8,-108846536,-1163244
221,2002-05-03,Spider-Man,139000000,403706375,821706375,2002,18,264706375,682706375
222,2009-03-06,Watchmen,138000000,107509799,186976250,2009,10,-30490201,48976250
223,2005-07-29,Stealth,138000000,32116746,76416746,2005,30,-105883254,-61583254
224,2008-06-13,The Incredible Hulk,137500000,134806913,265573859,2008,24,-2693087,128073859
225,2003-06-20,Hulk,137000000,132177234,245075434,2003,25,-4822766,108075434
226,2001-07-11,Final Fantasy: The Spirits Within,137000000,32131830,85131830,2001,28,-104868170,-51868170
227,2012-11-16,"The Twilight Saga: Breaking Dawn, Part 2",136200000,292324737,829724737,2012,46,156124737,693524737
228,2013-03-22,The Croods,135000000,187168425,573068425,2013,12,52168425,438068425
229,2015-12-25,The Revenant,135000000,183637894,532938302,2015,52,48637894,397938302
231,2011-03-04,Rango,135000000,123477607,245724600,2011,9,-11522393,110724600
232,2003-11-14,Master and Commander: The Far Side of the World,135000000,93926386,212912137,2003,46,-41073614,77912137
233,2013-07-17,Turbo,135000000,83028130,286896578,2013,29,-51971870,151896578
234,2016-06-03,Teenage Mutant Ninja Turtles: Out of the Shadows,135000000,82051601,245328374,2016,22,-52948399,110328374
235,2011-11-18,Happy Feet Two,135000000,64006466,157956466,2011,46,-70993534,22956466
236,2006-07-28,Miami Vice,135000000,63478838,163818556,2006,30,-71521162,28818556
237,2018-11-02,The Nutcracker and the Four Realms,132900000,54858851,170293899,2018,44,-78041149,37393899
238,2005-06-29,War of the Worlds,132000000,234280354,606836535,2005,26,102280354,474836535
239,2014-11-26,Penguins of Madagascar,132000000,83350911,366942531,2014,48,-48649089,234942531
240,2013-11-22,The Hunger Games: Catching Fire,130000000,424668047,864868047,2013,47,294668047,734868047
241,2004-06-04,Harry Potter and the Prisoner of Azkaban,130000000,249757726,796907323,2004,23,119757726,666907323
242,2007-08-03,The Bourne Ultimatum,130000000,227471070,444043396,2007,31,97471070,314043396
243,2018-07-06,Ant-Man and the Wasp,130000000,216648740,623144660,2018,27,86648740,493144660
244,2008-06-06,Kung Fu Panda,130000000,215434591,631910531,2008,23,85434591,501910531
245,2015-07-17,Ant-Man,130000000,180202163,518858449,2015,29,50202163,388858449
246,2015-03-27,Home,130000000,177397510,385997896,2015,13,47397510,255997896
247,2018-12-19,Mary Poppins Returns,130000000,171958438,340246439,2018,51,41958438,210246439
248,2011-10-28,Puss in Boots,130000000,149260504,554987477,2011,43,19260504,424987477
249,2010-11-05,Megamind,130000000,148415853,321887208,2010,44,18415853,191887208
250,2003-07-18,Bad Boys II,130000000,138540870,273271982,2003,29,8540870,143271982
251,2014-04-11,Rio 2,130000000,131538435,492846291,2014,15,1538435,362846291
252,2010-07-23,Salt,130000000,118311368,290650494,2010,29,-11688632,160650494
253,2014-03-28,Noah,130000000,101200044,352831065,2014,13,-28799956,222831065
254,2011-12-21,The Adventures of Tintin,130000000,77591831,373993951,2011,51,-52408169,243993951
255,2013-05-31,After Earth,130000000,60522097,251499665,2013,22,-69477903,121499665
256,2008-11-26,Australia,130000000,49554002,215080810,2008,48,-80445998,85080810
257,2013-07-19,R.I.P.D.,130000000,33618855,79076678,2013,29,-96381145,-50923322
258,2019-02-22,How to Train Your Dragon: The Hidden World,129000000,160799505,519246496,2019,8,31799505,390246496
259,2011-11-18,"The Twilight Saga: Breaking Dawn, Part 1",127500000,281287133,689420051,2011,46,153787133,561920051
261,2017-03-03,Logan,127000000,226277068,615461394,2017,9,99277068,488461394
262,2014-12-19,Night at the Museum: Secret of the Tomb,127000000,113746621,353756621,2014,51,-13253379,226756621
263,2011-07-15,Harry Potter and the Deathly Hallows: Part II,125000000,381193157,1341693157,2011,28,256193157,1216693157
264,2014-11-21,The Hunger Games: Mockingjay - Part 1,125000000,337135885,766575131,2014,47,212135885,641575131
265,2001-11-16,Harry Potter and the Sorcerer's Stone,125000000,317871467,975047606,2001,46,192871467,850047606
266,2010-11-19,Harry Potter and the Deathly Hallows: Part I,125000000,296131568,960431568,2010,46,171131568,835431568
267,2006-05-19,The Da Vinci Code,125000000,217536138,767820459,2006,20,92536138,642820459
268,2003-05-02,X-Men 2,125000000,214949694,406875536,2003,18,89949694,281875536
269,2011-04-29,Fast Five,125000000,210031325,630163454,2011,17,85031325,505163454
270,2014-08-08,Teenage Mutant Ninja Turtles,125000000,191204754,485004754,2014,32,66204754,360004754
271,2011-12-16,Sherlock Holmes: A Game of Shadows,125000000,186848418,535663443,2011,50,61848418,410663443
272,2004-05-28,The Day After Tomorrow,125000000,186740799,556319450,2004,22,61740799,431319450
273,2017-03-31,The Boss Baby,125000000,175003033,510878762,2017,13,50003033,385878762
274,2010-04-01,Clash of the Titans,125000000,163214888,493214888,2010,13,38214888,368214888
275,2016-11-04,Trolls,125000000,153707064,344150134,2016,44,28707064,219150134
277,2012-06-08,Prometheus,125000000,126477084,402448265,2012,23,1477084,277448265
278,2012-08-10,The Bourne Legacy,125000000,113203870,280355920,2012,32,-11796130,155355920
280,2018-07-13,Skyscraper,125000000,68420120,304115534,2018,28,-56579880,179115534
281,2012-08-03,Total Recall,125000000,58877969,211856088,2012,31,-66122031,86856088
282,2016-12-21,Assassin's Creed,125000000,54647948,240759682,2016,51,-70352052,115759682
283,2017-01-13,Monster Trucks,125000000,33370166,61642798,2017,2,-91629834,-63357202
288,2016-07-29,Jason Bourne,120000000,162192920,416168316,2016,30,42192920,296168316
289,2007-06-15,Fantastic Four: Rise of the Silver Surfer,120000000,131921738,289480691,2007,24,11921738,169480691
290,2012-11-21,Life of Pi,120000000,124987022,620912003,2012,47,4987022,500912003
291,2007-02-16,Ghost Rider,120000000,115802596,229545589,2007,7,-4197404,109545589
292,2018-04-13,Rampage,120000000,101028233,428056280,2018,15,-18971767,308056280
293,2003-06-27,Charlie's Angels: Full Throttle,120000000,100814328,227200000,2003,26,-19185672,107200000
294,2013-08-09,Elysium,120000000,93050117,286192091,2013,32,-26949883,166192091
295,2013-04-19,Oblivion,120000000,89107235,287916633,2013,16,-30892765,167916633
296,2017-03-24,Power Rangers,120000000,85364450,142531552,2017,12,-34635550,22531552
297,2002-07-19,Stuart Little 2,120000000,64956806,166000000,2002,29,-55043194,46000000
298,2014-02-12,RoboCop,120000000,58607007,242981799,2014,7,-61392993,122981799
299,2004-06-11,The Chronicles of Riddick,120000000,57712751,107212751,2004,24,-62287249,-12787249
300,2015-08-07,Fantastic Four,120000000,56117548,167849187,2015,32,-63882452,47849187
301,2008-05-09,Speed Racer,120000000,43945766,93394462,2008,19,-76054234,-26605538
302,2005-07-22,The Island,120000000,35818913,163018913,2005,29,-84181087,43018913
303,2010-12-17,How Do You Know?,120000000,30212620,49628177,2010,50,-89787380,-70371823
304,2010-06-23,Knight and Day,117000000,76423035,258751370,2010,25,-40576965,141751370
305,2018-10-05,Venom,116000000,213511408,853628605,2018,40,97511408,737628605
307,2005-05-19,Star Wars Ep. III: Revenge of the Sith,115000000,380270577,848998877,2005,20,265270577,733998877
308,2002-05-16,Star Wars Ep. II: Attack of the Clones,115000000,310676740,656695615,2002,20,195676740,541695615
309,2001-11-02,"Monsters, Inc.",115000000,289423425,559757719,2001,44,174423425,444757719
310,2013-07-26,The Wolverine,115000000,132556852,416456852,2013,30,17556852,301456852
312,2016-04-22,The Huntsman: Winter's War,115000000,48003015,165149302,2016,16,-66996985,50149302
313,2002-06-14,Windtalkers,115000000,40914068,77628265,2002,24,-74085932,-37371735
314,2008-07-04,AstÃ©rix aux Jeux Olympiques,113500000,999811,132999811,2008,27,-112500189,19499811
315,2010-12-25,Gulliver's Travels,112000000,42779261,232017848,2010,51,-69220739,120017848
316,2017-12-15,Ferdinand,111000000,84410380,289843038,2017,50,-26589620,178843038
317,2018-05-18,Deadpool 2,110000000,324591735,786680557,2018,20,214591735,676680557
318,2013-10-04,Gravity,110000000,274092705,693698673,2013,40,164092705,583698673
319,2006-12-22,Night at the Museum,110000000,250863268,579446407,2006,51,140863268,469446407
320,2005-06-10,Mr. and Mrs. Smith,110000000,186336279,486124090,2005,23,76336279,376124090
321,2015-05-29,San Andreas,110000000,155190832,456258539,2015,22,45190832,346258539
322,2011-07-29,The Smurfs,110000000,142614158,563749323,2011,30,32614158,453749323
323,2007-06-27,Live Free or Die Hard,110000000,134529403,382288147,2007,26,24529403,272288147
324,2015-03-20,The Divergent Series: Insurgent,110000000,130179072,295075882,2015,12,20179072,185075882
325,2004-12-10,Ocean's Twelve,110000000,125531634,362989076,2004,50,15531634,252989076
328,2014-03-07,300: Rise of an Empire,110000000,106580051,330780051,2014,10,-3419949,220780051
329,2004-12-17,The Aviator,110000000,102608827,208370892,2004,51,-7391173,98370892
330,2016-12-21,Passengers,110000000,100014699,302239672,2016,51,-9985301,192239672
331,2011-01-14,The Green Hornet,110000000,98780042,229155503,2011,2,-11219958,119155503
332,2016-09-30,Miss Peregrine's Home for Peculiar Children,110000000,87242834,295986876,2016,39,-22757166,185986876
333,2011-10-07,Real Steel,110000000,85463309,263880341,2011,40,-24536691,153880341
334,2019-06-14,Men in Black: International,110000000,78830589,250535120,2019,24,-31169411,140535120
335,2010-06-11,The A-Team,110000000,77222099,177241171,2010,23,-32777901,67241171
336,2013-07-31,The Smurfs 2,110000000,71017784,348547523,2013,31,-38982216,238547523
337,2016-03-18,The Divergent Series: Allegiant,110000000,66184051,172022517,2016,11,-43815949,62022517
338,2009-06-12,The Taking of Pelham 123,110000000,65452312,152364370,2009,24,-44547688,42364370
339,2013-11-01,Ender's Game,110000000,61737191,127983283,2013,44,-48262809,17983283
340,2004-04-02,Home on the Range,110000000,50026353,76482461,2004,14,-59973647,-33517539
342,2005-05-06,Kingdom of Heaven,110000000,47398413,218853353,2005,18,-62601587,108853353
343,2017-03-31,Ghost in the Shell,110000000,40563557,167910690,2017,13,-69436443,57910690
344,2004-06-16,Around the World in 80 Days,110000000,24004159,72004159,2004,25,-85995841,-37995841
345,2001-12-19,The Lord of the Rings: The Fellowship of the Ring,109000000,315544750,887210985,2001,51,206544750,778210985
346,2003-11-21,The Cat in the Hat,109000000,101018283,133818283,2003,47,-7981717,24818283
347,2001-12-25,Ali,109000000,58183966,87683966,2001,52,-50816034,-21316034
348,2015-10-02,The Martian,108000000,228433663,655271443,2015,40,120433663,547271443
349,2016-11-23,Allied,106000000,40098064,119266661,2016,47,-65901936,13266661
350,2004-07-16,"I, Robot",105000000,144801023,348629585,2004,29,39801023,243629585
352,2009-11-25,The Princess and the Frog,105000000,104400899,270997378,2009,48,-599101,165997378
353,2008-03-07,"10,000 B.C.",105000000,94784201,269065678,2008,10,-10215799,164065678
354,2016-07-22,Ice Age: Collision Course,105000000,64063008,402156682,2016,29,-40936992,297156682
355,2001-04-27,Town & Country,105000000,6712451,10364769,2001,17,-98287549,-94635231
356,2017-09-22,Kingsman: The Golden Circle,104000000,100234838,408803696,2017,38,-3765162,304803696
359,2013-05-23,The Hangover 3,103000000,112200072,362000072,2013,21,9200072,259000072
360,2018-03-09,A Wrinkle in Time,103000000,100478608,133401882,2018,10,-2521392,30401882
361,2009-07-01,Public Enemies,102500000,97104620,212282709,2009,27,-5395380,109782709
362,2006-11-17,Casino Royale,102000000,167365000,594420283,2006,46,65365000,492420283
363,2002-06-21,Minority Report,102000000,132024714,358824714,2002,25,30024714,256824714
364,2018-12-21,Bumblebee,102000000,127195589,465195589,2018,51,25195589,363195589
365,2012-10-26,Cloud Atlas,102000000,27108272,130673154,2012,43,-74891728,28673154
366,2002-11-15,Harry Potter and the Chamber of Secrets,100000000,262233381,879225135,2002,46,162233381,779225135
369,2001-07-27,Planet of the Apes,100000000,180011740,362211740,2001,30,80011740,262211740
370,2004-11-19,National Treasure,100000000,173005002,331323410,2004,47,73005002,231323410
371,2012-12-25,Django Unchained,100000000,162805434,449948323,2012,52,62805434,349948323
372,2010-12-22,Little Fockers,100000000,148438600,310650574,2010,51,48438600,210650574
374,2007-11-02,American Gangster,100000000,130164645,267985456,2007,44,30164645,167985456
375,2009-09-18,Cloudy with a Chance of Meatballs,100000000,124870275,236827677,2009,38,24870275,136827677
376,2010-08-06,The Other Guys,100000000,119219978,170936470,2010,31,19219978,70936470
377,2004-12-17,Lemony Snicket's A Series of Unfortunate Events,100000000,118627117,212956024,2004,51,18627117,112956024
378,2013-12-25,The Wolf of Wall Street,100000000,116900694,389870414,2013,52,16900694,289870414
379,2013-05-24,Epic,100000000,107518682,262794441,2013,21,7518682,162794441
383,2012-08-17,The Expendables 2,100000000,85028192,311979256,2012,33,-14971808,211979256
384,2009-10-16,Where the Wild Things Are,100000000,77233467,99123656,2009,42,-22766533,-876344
385,2006-12-15,Eragon,100000000,75030163,249488115,2006,50,-24969837,149488115
386,2014-07-25,Hercules,100000000,72688614,243388614,2014,30,-27311386,143388614
387,2010-12-10,The Tourist,100000000,67631157,278731369,2010,49,-32368843,178731369
389,2004-06-11,The Stepford Wives,100000000,59475623,96221971,2004,24,-40524377,-3778029
390,2007-06-08,Surf's Up,100000000,58867694,145395745,2007,23,-41132306,45395745
391,2006-12-08,Blood Diamond,100000000,57377916,171377916,2006,49,-42622084,71377916
392,2010-09-24,Legend of the Guardians: The Owls of Ga'Hoole,100000000,55675313,139716717,2010,38,-44324687,39716717
394,2009-06-05,Land of the Lost,100000000,49438370,69548641,2009,23,-50561630,-30451359
395,2003-12-25,Peter Pan,100000000,48417850,95255485,2003,52,-51582150,-4744515
396,2019-03-15,Wonder Park,100000000,45216793,115130648,2019,11,-54783207,15130648
397,2004-07-23,Catwoman,100000000,40202379,82145379,2004,30,-59797621,-17854621
398,2014-08-15,The Expendables 3,100000000,39322544,209461378,2014,33,-60677456,109461378
399,2002-11-27,Treasure Planet,100000000,38120554,91800000,2002,48,-61879446,-8200000
400,2010-03-12,Green Zone,100000000,35497337,97523020,2010,10,-64502663,-2476980
401,2017-10-20,Geostorm,100000000,33700160,220796009,2017,42,-66299840,120796009
402,2015-12-25,Point Break,100000000,28782481,126704591,2015,52,-71217519,26704591
403,2015-12-11,In the Heart of the Sea,100000000,25020758,89693309,2015,50,-74979242,-10306691
404,2014-04-18,Transcendence,100000000,23022309,103039258,2014,16,-76977691,3039258
405,2005-02-18,Son of the Mask,100000000,17018422,59918422,2005,7,-82981578,-40081578
406,2018-12-14,Mortal Engines,100000000,15951040,85287417,2018,50,-84048960,-14712583
407,2002-08-16,The Adventures of Pluto Nash,100000000,4411102,7094995,2002,33,-95588898,-92905005
408,2012-01-20,Jin lÃ­ng shÃ­ san chai,100000000,311434,98227017,2012,3,-99688566,-1772983
409,2015-11-06,The Peanuts Movie,99000000,130178411,250091610,2015,45,31178411,151091610
410,2019-02-08,The LEGO Movie 2: The Second Part,99000000,105806508,190209817,2019,6,6806508,91209817
411,2018-11-21,Robin Hood,99000000,30824628,84747441,2018,47,-68175372,-14252559
412,2001-05-04,The Mummy Returns,98000000,202007640,435040395,2001,18,104007640,337040395
413,2002-12-20,Gangs of New York,97000000,77730500,183124621,2002,51,-19269500,86124621
414,2017-05-19,Alien: Covenant,97000000,74262031,238521247,2017,20,-22737969,141521247
415,2015-03-13,Cinderella,95000000,201151353,534551353,2015,11,106151353,439551353
416,2012-07-13,Ice Age: Continental Drift,95000000,161321843,879765137,2012,28,66321843,784765137
417,2001-12-28,Black Hawk Down,95000000,108638745,159691085,2001,52,13638745,64691085
418,2010-05-27,Sex and the City 2,95000000,95347692,294680778,2010,21,347692,199680778
419,2010-02-12,Percy Jackson & the Olympians: The Lightning Thief,95000000,88768303,223050874,2010,6,-6231697,128050874
420,2012-08-10,The Campaign,95000000,86907746,104907746,2012,32,-8092254,9907746
421,2010-11-12,Unstoppable,95000000,81562942,165720921,2010,45,-13437058,70720921
424,2009-12-11,The Lovely Bones,95000000,44114232,94894448,2009,50,-50885768,-105552
425,2016-08-19,Ben-Hur,95000000,26410477,91669648,2016,33,-68589523,-3330352
426,2015-02-06,Seventh Son,95000000,17725785,108874967,2015,6,-77274215,13874967
427,2003-05-30,Finding Nemo,94000000,380529370,936429370,2003,22,286529370,842429370
428,2003-12-17,The Lord of the Rings: The Return of the King,94000000,377845905,1141403341,2003,51,283845905,1047403341
429,2002-12-18,The Lord of the Rings: The Two Towers,94000000,342548984,934699645,2002,51,248548984,840699645
430,2001-06-15,Lara Croft: Tomb Raider,94000000,131144183,273330185,2001,24,37144183,179330185
431,2015-02-13,Kingsman: The Secret Service,94000000,128261724,404561724,2015,7,34261724,310561724
432,2001-07-18,Jurassic Park III,93000000,181166115,365900000,2001,29,88166115,272900000
433,2011-08-05,Rise of the Planet of the Apes,93000000,176760185,470986200,2011,31,83760185,377986200
434,2008-02-14,The Spiderwick Chronicles,92500000,71195053,162839667,2008,7,-21304947,70339667
435,2004-11-05,The Incredibles,92000000,261441092,614726752,2004,45,169441092,522726752
436,2013-02-14,A Good Day to Die Hard,92000000,67349198,304249198,2013,7,-24650802,212249198
437,2004-04-09,The Alamo,92000000,22406362,23911362,2004,15,-69593638,-68088638
439,2013-12-25,The Secret Life of Walter Mitty,91000000,58236838,187861183,2013,52,-32763162,96861183
440,2017-12-20,Jumanji: Welcome to the Jungle,90000000,404508916,964496193,2017,51,314508916,874496193
443,2001-08-03,Rush Hour 2,90000000,226164286,347425832,2001,31,136164286,257425832
444,2009-12-25,Sherlock Holmes,90000000,209028679,498438212,2009,52,119028679,408438212
445,2009-07-01,Ice Age: Dawn of the Dinosaurs,90000000,196573705,859701857,2009,27,106573705,769701857
446,2018-12-14,Spider-Man: Into The Spider-Verse 3D,90000000,190173195,375380731,2018,50,100173195,285380731
448,2011-04-15,Rio,90000000,143619809,487519809,2011,15,53619809,397519809
449,2006-10-06,The Departed,90000000,132384315,289660619,2006,40,42384315,199660619
452,2008-08-13,Tropic Thunder,90000000,110515313,191145256,2008,33,20515313,101145256
453,2011-12-20,The Girl with the Dragon Tattoo,90000000,102515793,239373970,2011,51,12515793,149373970
455,2008-06-06,You Don't Mess With the Zohan,90000000,100018837,202910991,2008,23,10018837,112910991
457,2016-09-23,The Magnificent Seven,90000000,93432655,162525156,2016,38,3432655,72525156
458,2015-12-18,Alvin and the Chipmunks: The Road Chip,90000000,85886987,249517956,2015,51,-4113013,159517956
459,2001-06-08,Atlantis: The Lost Empire,90000000,84052762,186049020,2001,23,-5947238,96049020
460,2008-12-25,Valkyrie,90000000,83107829,203932174,2008,52,-6892171,113932174
461,2015-07-24,Pixels,90000000,78765986,244041804,2015,30,-11234014,154041804
462,2001-06-29,Artificial Intelligence: AI,90000000,78616689,235900000,2001,26,-11383311,145900000
463,2003-11-26,The Haunted Mansion,90000000,75817994,155750628,2003,48,-14182006,65750628
465,2005-04-22,The Interpreter,90000000,72708161,162753837,2005,16,-17291839,72753837
466,2013-08-07,Percy Jackson: Sea of Monsters,90000000,68559554,200859554,2013,32,-21440446,110859554
467,2003-07-25,Lara Croft: Tomb Raider: The Cradle of Life,90000000,65653758,157092943,2003,30,-24346242,67092943
468,2016-06-10,Now You See Me 2,90000000,65075540,328325007,2016,23,-24924460,238325007
469,2001-11-21,Spy Game,90000000,62362560,143049560,2001,47,-27637440,53049560
472,2018-03-16,Tomb Raider,90000000,58250803,273477501,2018,11,-31749197,183477501
474,2004-07-07,King Arthur,90000000,51877963,203877963,2004,28,-38122037,113877963
477,2019-07-26,Once Upon a Timeâ¦in Hollywood,90000000,41082018,41082018,2019,30,-48917982,-48917982
478,2002-07-19,K-19: The Widowmaker,90000000,35168966,65716126,2002,29,-54831034,-24283874
479,2011-08-19,Conan the Barbarian,90000000,21295021,63356133,2011,33,-68704979,-26643867
480,2011-10-21,The Three Musketeers,90000000,20377913,139877913,2011,42,-69622087,49877913
481,2017-04-21,The Promise,90000000,8224288,10551417,2017,16,-81775712,-79448583
482,2010-11-24,The Nutcracker in 3D,90000000,195459,20466016,2010,47,-89804541,-69533984
483,2017-12-13,Bright,90000000,0,0,2017,50,-90000000,-90000000
484,2019-12-31,Army of the Dead,90000000,0,0,2019,1,-90000000,-90000000
486,2005-06-03,Cinderella Man,88000000,61649911,105021488,2005,22,-26350089,17021488
487,2018-09-14,The Predator,88000000,51024708,159487563,2018,37,-36975292,71487563
488,2005-07-08,Fantastic Four,87500000,154696080,333132750,2005,27,67196080,245632750
489,2001-02-09,Hannibal,87000000,165092266,350100280,2001,6,78092266,263100280
490,2003-07-25,Seabiscuit,86000000,120277854,148715342,2003,30,34277854,62715342
492,2006-11-17,Happy Feet,85000000,198000317,385000317,2006,46,113000317,300000317
493,2001-12-07,Ocean's Eleven,85000000,183417150,450728529,2001,49,98417150,365728529
494,2004-07-23,The Bourne Supremacy,85000000,176087450,311001124,2004,30,91087450,226001124
496,2009-04-03,Fast & Furious,85000000,155064265,363064265,2009,14,70064265,278064265
497,2008-03-14,Horton Hears a Who,85000000,154529439,299477886,2008,11,69529439,214477886
498,2014-03-21,Divergent,85000000,150947895,276014965,2014,12,65947895,191014965
499,2012-09-28,Hotel Transylvania,85000000,148313048,378505812,2012,39,63313048,293505812
500,2019-04-05,Shazam!,85000000,140371656,363664533,2019,14,55371656,278664533
501,2007-11-21,Enchanted,85000000,127706877,340384141,2007,47,42706877,255384141
502,2012-02-10,Safe House,85000000,126181630,208542162,2012,6,41181630,123542162
503,2007-07-20,I Now Pronounce You Chuck and Larry,85000000,119725280,185708462,2007,29,34725280,100708462
504,2007-06-08,Ocean's Thirteen,85000000,117144465,311744465,2007,23,32144465,226744465
505,2009-12-25,It's Complicated,85000000,112735375,224614744,2009,52,27735375,139614744
507,2006-09-29,Open Season,85000000,85105259,191932158,2006,39,105259,106932158
508,2011-11-04,Tower Heist,85000000,78046570,150422946,2011,44,-6953430,65422946
510,2012-03-30,Mirror Mirror,85000000,64935167,173613482,2012,13,-20064833,88613482
511,2006-12-08,The Holiday,85000000,63280000,205190324,2006,49,-21720000,120190324
512,2006-06-16,The Fast and the Furious: Tokyo Drift,85000000,62615510,157794205,2006,24,-22384490,72794205
513,2005-12-09,Memoirs of a Geisha,85000000,57010853,161510853,2005,49,-27989147,76510853
514,2001-03-16,Enemy at the Gates,85000000,51396781,96971293,2001,11,-33603219,11971293
516,2003-09-26,The Rundown,85000000,47641743,80831893,2003,39,-37358257,-4168107
517,2011-11-23,Arthur Christmas,85000000,46462469,149717124,2011,47,-38537531,64717124
518,2017-01-20,xXx: Return of Xander Cage,85000000,44898413,345033359,2017,3,-40101587,260033359
520,2010-07-30,Cats & Dogs: The Revenge of Kitty Galore,85000000,43585753,113026383,2010,30,-41414247,28026383
521,2002-02-08,Collateral Damage,85000000,40048332,78353508,2002,6,-44951668,-6646492
522,2002-03-15,Showtime,85000000,37948765,78948765,2002,11,-47051235,-6051235
524,2007-03-02,Zodiac,85000000,33080084,83080084,2007,9,-51919916,-1919916
525,2010-08-13,Scott Pilgrim vs. The World,85000000,31611316,48056764,2010,32,-53388684,-36943236
526,2003-03-28,The Core,85000000,31111260,74120792,2003,13,-53888740,-10879208
528,2017-12-20,The Greatest Showman,84000000,174340174,386665550,2017,51,90340174,302665550
529,2002-06-14,Scooby-Doo,84000000,153294164,276294164,2002,24,69294164,192294164
531,2013-07-19,RED 2,84000000,53262560,141507355,2013,29,-30737440,57507355
532,2006-06-23,Click,82500000,137355633,237685089,2006,25,54855633,155185089
533,2006-12-15,Charlotte's Web,82500000,82985708,143985708,2006,50,485708,61485708
534,2008-02-14,Jumper,82500000,80172128,222640812,2008,7,-2327872,140140812
535,2008-07-11,Hellboy II: The Golden Army,82500000,75986503,160388063,2008,28,-6513497,77888063
536,2005-05-27,The Longest Yard,82000000,158119460,191558505,2005,21,76119460,109558505
537,2010-08-13,The Expendables,82000000,103068524,268268174,2010,32,21068524,186268174
539,2020-02-21,Call of the Wild,82000000,0,0,2020,8,-82000000,-82000000
540,2003-05-23,Bruce Almighty,81000000,242704995,484468608,2003,21,161704995,403468608
541,2012-03-23,The Hunger Games,80000000,408010692,677923379,2012,12,328010692,597923379
542,2011-05-26,The Hangover Part II,80000000,254464305,586464305,2011,21,174464305,506464305
544,2017-02-10,The Lego Batman Movie,80000000,175750384,310660018,2017,6,95750384,230660018
545,2015-09-25,Hotel Transylvania 2,80000000,169700110,469500298,2015,39,89700110,389500298
548,2006-05-19,Over the Hedge,80000000,155019340,343397247,2006,20,75019340,263397247
549,2019-06-07,The Secret Life of Pets 2,80000000,153728180,332028180,2019,23,73728180,252028180
550,2002-06-21,Lilo & Stitch,80000000,145771527,245800000,2002,25,65771527,165800000
552,2013-07-12,Grown Ups 2,80000000,133668525,247023808,2013,28,53668525,167023808
553,2011-12-16,Alvin and the Chipmunks: Chipwrecked,80000000,133107389,349088523,2011,50,53107389,269088523
554,2008-06-20,Get Smart,80000000,130319208,226739416,2008,25,50319208,146739416
555,2005-03-11,Robots,80000000,128200012,260700012,2005,10,48200012,180700012
556,2010-02-19,Shutter Island,80000000,128012934,299461782,2010,7,48012934,219461782
557,2003-12-12,Something's Gotta Give,80000000,124685242,266685242,2003,50,44685242,186685242
558,2008-11-26,Four Christmases,80000000,120146040,168311558,2008,48,40146040,88311558
560,2008-12-25,Bedtime Stories,80000000,110101975,221468935,2008,52,30101975,141468935
561,2002-07-12,Road to Perdition,80000000,104054514,183354514,2002,28,24054514,103354514
562,2011-02-11,Just Go With It,80000000,103028109,214974953,2011,6,23028109,134974953
563,2003-02-14,Daredevil,80000000,102543518,182782518,2003,7,22543518,102782518
564,2008-09-26,Eagle Eye,80000000,101440743,180585259,2008,39,21440743,100585259
566,2010-12-17,Yogi Bear,80000000,100246011,204774690,2010,50,20246011,124774690
567,2003-12-25,Cold Mountain,80000000,95632614,165173909,2003,52,15632614,85173909
568,2010-01-15,The Book of Eli,80000000,94835059,158750817,2010,2,14835059,78750817
572,2014-10-17,Fury,80000000,85817906,210315681,2014,42,5817906,130315681
573,2018-09-28,Smallfoot,80000000,83240103,213686569,2018,39,3240103,133686569
574,2006-02-10,The Pink Panther,80000000,82226474,158926474,2006,6,2226474,78926474
575,2011-07-08,Zookeeper,80000000,80360866,170805525,2011,27,360866,90805525
576,2008-12-12,The Day the Earth Stood Still,80000000,79366978,237370350,2008,50,-633022,157370350
579,2002-05-24,Spirit: Stallion of the Cimarron,80000000,73215310,106515310,2002,21,-6784690,26515310
580,2001-06-08,Swordfish,80000000,69772969,147080413,2001,23,-10227031,67080413
583,2004-07-30,The Manchurian Candidate,80000000,65948711,96148711,2004,31,-14051289,16148711
584,2006-11-22,DÃ©jÃ Vu,80000000,64038616,181038616,2006,47,-15961384,101038616
585,2005-06-24,Bewitched,80000000,63313159,131159306,2005,25,-16686841,51159306
586,2002-03-08,The Time Machine,80000000,56684819,98983590,2002,10,-23315181,18983590
589,2005-10-28,The Legend of Zorro,80000000,45575336,141475336,2005,43,-34424664,61475336
591,2009-09-25,Surrogates,80000000,38577772,119668350,2009,39,-41422228,39668350
592,2001-06-08,Evolution,80000000,38311134,98341932,2001,23,-41688866,18341932
593,2005-08-26,The Brothers Grimm,80000000,37899638,105299638,2005,34,-42100362,25299638
595,2006-04-14,The Wild,80000000,37384046,99010667,2006,15,-42615954,19010667
596,2013-12-20,Walking with Dinosaurs,80000000,36076121,123368842,2013,51,-43923879,43368842
599,2015-10-23,The Last Witch Hunter,80000000,27367660,130818912,2015,43,-52632340,50818912
600,2014-02-21,Pompeii,80000000,23169033,108469033,2014,8,-56830967,28469033
602,2003-11-14,Looney Tunes: Back in Action,80000000,20950820,54540662,2003,46,-59049180,-25459338
603,2009-12-18,Nine,80000000,19676965,53508858,2009,51,-60323035,-26491142
604,2003-11-26,Timeline,80000000,19480739,26703184,2003,48,-60519261,-53296816
605,2010-04-22,Oceans,80000000,19422319,86787530,2010,16,-60577681,6787530
609,2007-01-12,Arthur et les Minimoys,80000000,15132763,113325743,2007,2,-64867237,33325743
610,2007-08-17,The Invasion,80000000,15074191,40147042,2007,33,-64925809,-39852958
611,2005-09-02,A Sound of Thunder,80000000,1900451,6300451,2005,35,-78099549,-73699549
613,2012-02-10,Journey 2: The Mysterious Island,79000000,103860290,318146162,2012,6,24860290,239146162
614,2011-11-11,Jack and Jill,79000000,74158157,150519217,2011,45,-4841843,71519217
615,2001-12-21,A Beautiful Mind,78000000,170708996,317668058,2001,51,92708996,239668058
616,2013-09-27,Cloudy with a Chance of Meatballs 2,78000000,119793567,274392649,2013,39,41793567,196392649
617,2002-10-04,Red Dragon,78000000,92955420,206455420,2002,40,14955420,128455420
618,2004-03-05,Hidalgo,78000000,67286731,108086731,2004,10,-10713269,30086731
619,2003-07-11,The League of Extraordinary Gentlemen,78000000,66465204,179265204,2003,28,-11534796,101265204
620,2004-08-20,Exorcist: The Beginning,78000000,41814863,43957541,2004,34,-36185137,-34042459
621,2012-12-31,AstÃ©rix et ObÃ©lix: Au service de Sa MajestÃ©,77600000,0,60680125,2012,1,-77600000,-16919875
622,2016-02-12,The Little Prince,77500000,1311213,102028919,2016,6,-76188787,24528919
623,2019-01-22,Renegades,77500000,0,1521672,2019,4,-77500000,-75978328
624,2018-07-20,The Equalizer 2,77000000,102084362,190453132,2018,29,25084362,113453132
625,2013-07-03,Despicable Me 2,76000000,368065385,975216835,2013,27,292065385,899216835
626,2003-06-06,2 Fast 2 Furious,76000000,127120058,236410607,2003,23,51120058,160410607
627,2006-12-25,Children of Men,76000000,35552383,69845011,2006,52,-40447617,-6154989
629,2016-07-08,The Secret Life of Pets,75000000,368384330,886614798,2016,27,293384330,811614798
631,2018-11-09,Dr. Seuss' The Grinch,75000000,270620950,511006399,2018,45,195620950,436006399
632,2016-12-21,Sing,75000000,270329045,634454789,2016,51,195329045,559454789
633,2017-06-30,Despicable Me 3,75000000,264624300,1034727750,2017,26,189624300,959727750
635,2006-03-31,Ice Age: The Meltdown,75000000,195330621,651899282,2006,13,120330621,576899282
636,2005-05-27,Madagascar,75000000,193595521,556559566,2005,21,118595521,481559566
637,2010-06-25,Grown Ups,75000000,162001186,272223430,2010,25,87001186,197223430
638,2004-10-01,Shark Tale,75000000,161412000,371917043,2004,40,86412000,296917043
640,2008-06-27,Wanted,75000000,134508551,342416460,2008,26,59508551,267416460
642,2004-02-13,50 First Dates,75000000,120776832,196320329,2004,7,45776832,121320329
643,2007-07-20,Hairspray,75000000,118871849,203035572,2007,29,43871849,128035572
644,2013-05-31,Now You See Me,75000000,117723989,342769200,2013,22,42723989,267769200
645,2006-12-15,Dreamgirls,75000000,103365956,155708695,2006,50,28365956,80708695
646,2018-08-03,Christopher Robin,75000000,99215042,197504758,2018,31,24215042,122504758
648,2011-11-11,Immortals,75000000,83504017,211562435,2011,45,8504017,136562435
649,2004-06-18,The Terminal,75000000,77073959,218673959,2004,25,2073959,143673959
650,2005-02-18,Constantine,75000000,75976178,221594911,2005,7,976178,146594911
651,2006-07-21,Monster House,75000000,73661010,141267370,2006,29,-1338990,66267370
653,2007-12-21,Charlie Wilson's War,75000000,66661095,119512771,2007,51,-8338905,44512771
655,2005-03-04,Be Cool,75000000,55849401,94944017,2005,9,-19150599,19944017
656,2005-12-23,Munich,75000000,47379090,131492772,2005,51,-27620910,56492772
657,2010-06-04,Killers,75000000,47059963,95572749,2010,22,-27940037,20572749
658,2015-08-14,The Man From U.N.C.L.E.,75000000,45445109,104949584,2015,33,-29554891,29949584
659,2003-03-07,Tears of the Sun,75000000,43632458,85632458,2003,10,-31367542,10632458
660,2006-07-21,Lady in the Water,75000000,42285169,72785169,2006,29,-32714831,-2214831
661,2004-12-17,Spanglish,75000000,42044321,54344321,2004,51,-32955679,-20655679
662,2001-10-12,Bandits,75000000,41523271,71523271,2001,41,-33476729,-3476729
665,2011-03-25,Sucker Punch,75000000,36392502,89758389,2011,12,-38607498,14758389
666,2005-03-11,Hostage,75000000,34636443,77636443,2005,10,-40363557,2636443
667,2016-10-28,Inferno,75000000,34343574,219519367,2016,43,-40656426,144519367
668,2003-06-13,Hollywood Homicide,75000000,30207785,50409753,2003,24,-44792215,-24590247
670,2004-12-17,Flight of the Phoenix,75000000,21009180,34009180,2004,51,-53990820,-40990820
673,2001-02-23,Monkeybone,75000000,5409517,5409517,2001,8,-69590483,-69590483
674,2019-08-30,PLAYMOBIL,75000000,0,0,2019,35,-75000000,-75000000
675,2020-12-31,355,75000000,0,0,2020,53,-75000000,-75000000
676,2015-07-10,Minions,74000000,336045770,1160336173,2015,28,262045770,1086336173
677,2015-02-06,The SpongeBob Movie: Sponge Out of Water,74000000,162994032,311013181,2015,6,88994032,237013181
679,2006-08-04,Talladega Nights: The Ballad of Ricky Bobby,73000000,148213377,162870525,2006,31,75213377,89870525
680,2016-05-20,The Angry Birds Movie,73000000,107509366,352327887,2016,20,34509366,279327887
683,2007-07-27,The Simpsons Movie,72500000,183135014,527071022,2007,30,110635014,454571022
684,2008-02-08,Fool's Gold,72500000,70231041,109362966,2008,6,-2268959,36862966
685,2009-07-31,Funny People,72500000,51855045,71880305,2009,31,-20644955,-619695
686,2007-09-28,The Kingdom,72500000,47467250,86802457,2007,39,-25032750,14302457
687,2001-06-22,Dr. Dolittle 2,72000000,112950721,176101721,2001,25,40950721,104101721
689,2005-11-04,Jarhead,72000000,62647540,96947540,2005,44,-9352460,24947540
690,2001-04-27,Driven,72000000,32616869,54616869,2001,17,-39383131,-17383131
691,2001-12-21,The Majestic,72000000,27796042,37306334,2001,51,-44203958,-34693666
692,2004-06-25,Two Brothers,72000000,19176754,62176754,2004,26,-52823246,-9823246
693,2004-07-30,The Village,71682975,114197520,257641634,2004,31,42514545,185958659
695,2002-08-02,Signs,70702619,227969295,408269295,2002,31,157266676,337566676
696,2004-05-19,Shrek 2,70000000,441226247,937008132,2004,21,371226247,867008132
697,2006-06-09,Cars,70000000,244082982,461651246,2006,23,174082982,391651246
698,2009-12-23,Alvin and the Chipmunks: The Squeakquel,70000000,219614612,443483213,2009,52,149614612,373483213
701,2002-08-09,xXx,70000000,141930000,267200000,2002,32,71930000,197200000
702,2018-06-08,Ocean's 8,70000000,140218711,297115976,2018,23,70218711,227115976
704,2009-08-21,Inglourious Basterds,70000000,120774594,316915264,2009,34,50774594,246915264
707,2003-08-08,S.W.A.T.,70000000,116877597,207154748,2003,32,46877597,137154748
708,2017-11-10,Daddy's Home 2,70000000,104029443,175807183,2017,45,34029443,105807183
710,2001-12-14,Vanilla Sky,70000000,100614858,202726605,2001,50,30614858,132726605
712,2013-03-22,Olympus Has Fallen,70000000,98927592,172878928,2013,12,28927592,102878928
713,2011-03-11,Battle: Los Angeles,70000000,83552429,213463976,2011,10,13552429,143463976
714,2004-08-13,AVP: Alien Vs. Predator,70000000,80281096,172543519,2004,33,10281096,102543519
715,2011-12-25,War Horse,70000000,79883359,156815529,2011,51,9883359,86815529
716,2002-03-01,We Were Soldiers,70000000,78120196,114658262,2002,9,8120196,44658262
717,2014-02-07,The Monuments Men,70000000,78031620,158702748,2014,6,8031620,88702748
718,2016-09-23,Storks,70000000,72679278,183353431,2016,38,2679278,113353431
720,2003-12-10,Big Fish,70000000,66432867,123954323,2003,50,-3567133,53954323
722,2012-01-20,Underworld: Awakening,70000000,62321039,160379930,2012,3,-7678961,90379930
723,2017-09-22,The Lego Ninjago Movie,70000000,59281555,122737201,2017,38,-10718445,52737201
724,2014-10-10,Dracula Untold,70000000,55991880,220241723,2014,41,-14008120,150241723
725,2006-09-29,The Guardian,70000000,55011732,94973540,2006,39,-14988268,24973540
727,2010-09-24,Wall Street 2: Money Never Sleeps,70000000,52474616,137431619,2010,38,-17525384,67431619
728,2011-01-14,The Dilemma,70000000,48475290,70546865,2011,2,-21524710,546865
729,2005-12-25,Rumor Has It,70000000,42996140,88933562,2005,51,-27003860,18933562
731,2007-08-10,Stardust,70000000,38634938,137022245,2007,32,-31365062,67022245
732,2012-06-15,Rock of Ages,70000000,38518613,61031932,2012,24,-31481387,-8968068
734,2004-09-17,Sky Captain and the World of Tomorrow,70000000,37760080,49730854,2004,38,-32239920,-20269146
735,2007-09-14,The Brave One,70000000,36793804,69792704,2007,37,-33206196,-207296
736,2002-11-01,I Spy,70000000,33561137,60279822,2002,44,-36438863,-9720178
737,2002-06-07,Bad Company,70000000,30157016,69157016,2002,23,-39842984,-842984
738,2005-10-21,Doom,70000000,28212337,58757178,2005,42,-41787663,-11242822
739,2016-01-29,The Finest Hours,70000000,27569558,49252761,2016,4,-42430442,-20747239
740,2013-10-18,Escape Plan,70000000,25135965,103735965,2013,42,-44864035,33735965
741,2011-09-23,Killer Elite,70000000,25124986,65409046,2011,38,-44875014,-4590954
743,2002-02-15,Hart's War,70000000,19076815,33076815,2002,7,-50923185,-36923185
744,2002-02-08,Rollerball,70000000,18990542,25852508,2002,6,-51009458,-44147492
745,2014-01-10,The Legend of Hercules,70000000,18848538,58953319,2014,2,-51151462,-11046681
746,2007-04-27,Next,70000000,18211013,73591500,2007,17,-51788987,3591500
747,2002-09-20,Ballistic: Ecks vs. Sever,70000000,14294842,14294842,2002,38,-55705158,-55705158
748,2001-08-10,Osmosis Jones,70000000,13596911,13596911,2001,32,-56403089,-56403089
749,2014-05-09,Legends of Oz: Dorothy's Return,70000000,8462347,20107933,2014,19,-61537653,-49892067
750,2015-01-16,Blackhat,70000000,8005980,19665004,2015,3,-61994020,-50334996
751,2006-03-31,Basic Instinct 2,70000000,5946136,35417162,2006,13,-64053864,-34582838
752,2010-05-28,Agora,70000000,619423,38992292,2010,21,-69380577,-31007708
753,2010-07-09,Despicable Me,69000000,251513985,543464573,2010,27,182513985,474464573
754,2010-07-30,Dinner for Schmucks,69000000,73026337,86796502,2010,30,4026337,17796502
755,2018-03-02,Red Sparrow,69000000,46874505,145951861,2018,9,-22125495,76951861
756,2010-06-30,The Twilight Saga: Eclipse,68000000,300531751,706102828,2010,26,232531751,638102828
757,2002-05-31,The Sum of All Fears,68000000,118471320,193500000,2002,22,50471320,125500000
758,2015-06-26,Ted 2,68000000,81476385,217214143,2015,26,13476385,149214143
759,2001-07-13,The Score,68000000,71069884,113542091,2001,28,3069884,45542091
760,2011-02-25,Hall Pass,68000000,45060734,87173475,2011,8,-22939266,19173475
762,2003-03-21,Dreamcatcher,68000000,33685268,75685268,2003,12,-34314732,7685268
765,2017-12-22,Downsizing,68000000,24449754,54462971,2017,51,-43550246,-13537029
766,2012-03-02,Doctor Seuss' The Lorax,67500000,214030500,350976753,2012,9,146530500,283476753
767,2008-10-10,Body of Lies,67500000,39394666,118556530,2008,41,-28105334,51056530
768,2012-06-22,Abraham Lincoln: Vampire Hunter,67500000,37519139,137489730,2012,25,-29980861,69989730
770,2007-08-17,The Last Legion,67000000,5932060,25357771,2007,33,-61067940,-41642229
773,2014-03-14,Need for Speed,66000000,43568507,194169619,2014,11,-22431493,128169619
776,2012-11-09,Lincoln,65000000,182207973,273346281,2012,45,117207973,208346281
777,2002-03-15,Ice Age,65000000,176387405,386116343,2002,11,111387405,321116343
780,2018-07-13,Hotel Transylvania 3: Summer Vacation,65000000,167500092,527080347,2018,28,102500092,462080347
781,2012-12-25,Les Miserables,65000000,148809770,442169052,2012,52,83809770,377169052
782,2002-11-01,The Santa Clause 2,65000000,139225854,172825854,2002,44,74225854,107825854
785,2014-12-25,Unbroken,65000000,115637895,163527824,2014,52,50637895,98527824
786,2015-06-05,Spy!,65000000,110825712,232585748,2015,23,45825712,167585748
787,2010-11-05,Due Date,65000000,100539043,211739043,2010,44,35539043,146739043
788,2008-07-25,Step Brothers,65000000,100468793,128468793,2008,30,35468793,63468793
792,2014-12-19,Annie,65000000,85911262,139829625,2014,51,20911262,74829625
794,2016-08-12,Pete's Dragon,65000000,76233151,137768975,2016,32,11233151,72768975
796,2006-08-09,World Trade Center,65000000,70278893,163295654,2006,32,5278893,98295654
798,2003-12-19,Mona Lisa Smile,65000000,63803100,141205169,2003,51,-1196900,76205169
799,2012-05-16,The Dictator,65000000,59650222,180148897,2012,20,-5349778,115148897
801,2012-02-17,This Means War,65000000,54760791,156974557,2012,7,-10239209,91974557
802,2015-02-27,Focus,65000000,53862963,168065700,2015,9,-11137037,103065700
803,2004-12-08,Blade: Trinity,65000000,52397389,131353165,2004,50,-12602611,66353165
804,2012-11-21,Red Dawn,65000000,44806783,48164150,2012,47,-20193217,-16835850
805,2006-12-22,We Are Marshall,65000000,43545364,43545364,2006,51,-21454636,-21454636
806,2015-09-18,Everest,65000000,43482270,221297061,2015,38,-21517730,156297061
807,2012-09-14,Resident Evil: Retribution,65000000,42345531,240647629,2012,37,-22654469,175647629
810,2008-08-22,Death Race,65000000,36316032,72516819,2008,34,-28683968,7516819
813,2005-11-11,Zathura,65000000,28045540,58545540,2005,45,-36954460,-6454460
814,2003-11-26,The Missing,65000000,26900336,38253433,2003,48,-38099664,-26746567
815,2005-01-14,Elektra,65000000,24409722,56824633,2005,2,-40590278,-8175367
816,2009-10-23,Astro Boy,65000000,19551067,41636243,2009,43,-45448933,-23363757
817,2014-01-24,"I, Frankenstein",65000000,19075290,74575290,2014,4,-45924710,9575290
819,2014-08-22,Sin City: A Dame to Kill For,65000000,13757804,40650842,2014,34,-51242196,-24349158
820,2016-12-25,Live by Night,65000000,10378555,21774432,2016,51,-54621445,-43225568
822,2005-09-23,Oliver Twist,65000000,2070920,26670920,2005,38,-62929080,-38329080
823,2015-09-04,Tian jiang xiong shi,65000000,74070,122519874,2015,36,-64925930,57519874
824,2018-10-26,Air Strike,65000000,0,516279,2018,43,-65000000,-64483721
825,2006-07-14,Little Man,64000000,58636047,101636047,2006,28,-5363953,37636047
827,2006-12-27,Perfume: The Story of a Murderer,63700000,2223293,133603463,2006,52,-61476707,69903463
829,2002-07-25,Austin Powers in Goldmember,63000000,213117789,296338663,2002,30,150117789,233338663
830,2011-04-01,Hop,63000000,108085305,188657593,2011,13,45085305,125657593
831,2017-09-15,American Assassin,63000000,36249674,68310140,2017,37,-26750326,5310140
836,2015-12-25,The Hateful Eight,62000000,54117416,147864886,2015,52,-7882584,85864886
837,2008-06-20,The Love Guru,62000000,32235793,40159017,2008,25,-29764207,-21840983
838,2001-02-23,3000 Miles to Graceland,62000000,15738632,18708848,2001,8,-46261368,-43291152
839,2014-10-03,Gone Girl,61000000,167767189,368567189,2014,40,106767189,307567189
840,2007-03-30,Blades of Glory,61000000,118594548,145594548,2007,13,57594548,84594548
841,2015-09-18,Maze Runner: The Scorch Trials,61000000,81697192,310566162,2015,38,20697192,249566162
842,2013-08-02,2 Guns,61000000,75612460,132493015,2013,31,14612460,71493015
843,2018-01-26,Maze Runner: The Death Cure,61000000,58032443,265878536,2018,4,-2967557,204878536
844,2019-01-11,A Dog's Way Home,61000000,41952715,81153454,2019,2,-19047285,20153454
845,2016-02-19,Mei Ren Yu,60720000,3229457,554516671,2016,7,-57490543,493796671
846,2004-12-22,Meet the Fockers,60000000,279167575,516567575,2004,52,219167575,456567575
847,2014-02-07,The Lego Movie,60000000,257784718,457729388,2014,6,197784718,397729388
848,2007-03-09,300,60000000,210614939,454161935,2007,10,150614939,394161935
849,2007-03-02,Wild Hogs,60000000,168213584,253555383,2007,9,108213584,193555383
850,2008-12-25,Marley & Me,60000000,143153751,247812011,2008,52,83153751,187812011
853,2016-09-09,Sully,60000000,125070033,238524556,2016,36,65070033,178524556
854,2002-06-14,The Bourne Identity,60000000,121468960,214357371,2002,24,61468960,154357371
855,2009-10-09,Couples Retreat,60000000,109205660,172450423,2009,41,49205660,112450423
857,2003-05-30,The Italian Job,60000000,106126012,176262839,2003,22,46126012,116262839
858,2003-05-09,Daddy Day Care,60000000,104148781,164285587,2003,19,44148781,104285587
861,2004-08-06,Collateral,60000000,100170152,217670152,2004,32,40170152,157670152
862,2001-07-04,Cats & Dogs,60000000,93375151,200700000,2001,27,33375151,140700000
863,2002-12-20,Two Weeks Notice,60000000,93354918,199043309,2002,51,33354918,139043309
865,2002-04-19,The Scorpion King,60000000,90580000,165890634,2002,16,30580000,105890634
866,2010-10-15,Red,60000000,90380162,196439693,2010,41,30380162,136439693
867,2004-03-05,Starsky & Hutch,60000000,88200225,170200225,2004,10,28200225,110200225
869,2005-12-21,Cheaper by the Dozen 2,60000000,82571173,135015330,2005,51,22571173,75015330
870,2010-08-13,Eat Pray Love,60000000,80574010,206598789,2010,32,20574010,146598789
871,2012-12-21,Jack Reacher,60000000,80070736,217370736,2012,51,20070736,157370736
872,2004-04-23,Man on Fire,60000000,77906816,130968579,2004,17,17906816,70968579
874,2011-09-09,Contagion,60000000,75658097,137551594,2011,36,15658097,77551594
877,2009-02-06,Coraline,60000000,75286229,126037057,2009,6,15286229,66037057
878,2004-10-01,Ladder 49,60000000,74541707,102332848,2004,40,14541707,42332848
880,2009-10-28,Michael Jackson's This Is It,60000000,72091016,252091016,2009,44,12091016,192091016
881,2003-01-17,Kangaroo Jack,60000000,66723216,90723216,2003,3,6723216,30723216
882,2008-06-13,The Happening,60000000,64506874,162778384,2008,24,4506874,102778384
883,2016-03-04,London Has Fallen,60000000,62524260,195194085,2016,9,2524260,135194085
885,2006-03-10,The Shaggy Dog,60000000,61123569,87123569,2006,10,1123569,27123569
887,2004-04-02,Hellboy,60000000,59623958,99823958,2004,14,-376042,39823958
888,2016-10-21,Jack Reacher: Never Go Back,60000000,58697076,159946489,2016,42,-1302924,99946489
889,2017-05-25,Baywatch,60000000,58060186,175863783,2017,21,-1939814,115863783
891,2015-12-25,Joy,60000000,56451232,101134059,2015,52,-3548768,41134059
892,2012-08-17,ParaNorman,60000000,56003051,108119662,2012,33,-3996949,48119662
894,2003-12-25,Paycheck,60000000,53789313,98819789,2003,52,-6210687,38819789
896,2008-12-19,The Tale of Despereaux,60000000,50877145,90482317,2008,51,-9122855,30482317
897,2014-09-26,The Boxtrolls,60000000,50837305,111946251,2014,39,-9162695,51946251
898,2017-08-04,The Dark Tower,60000000,50701325,113461527,2017,31,-9298675,53461527
899,2002-09-27,The Tuxedo,60000000,50586000,104429625,2002,39,-9414000,44429625
900,2014-01-17,Jack Ryan: Shadow Recruit,60000000,50577412,131377412,2014,3,-9422588,71377412
902,2005-03-24,Miss Congeniality 2: Armed and Fabulous,60000000,48478006,101382396,2005,12,-11521994,41382396
903,2018-12-25,Vice,60000000,47836282,70883171,2018,52,-12163718,10883171
905,2007-03-23,Shooter,60000000,47003582,95538560,2007,12,-12996418,35538560
907,2013-01-11,Gangster Squad,60000000,46000903,104100903,2013,2,-13999097,44100903
908,2017-04-07,Smurfs: The Lost Village,60000000,45020282,197578586,2017,14,-14979718,137578586
909,2018-10-12,First Man,60000000,44936545,105212037,2018,41,-15063455,45212037
910,2009-06-19,Year One,60000000,43337279,57604723,2009,25,-16662721,-2395277
911,2010-01-29,Edge of Darkness,60000000,43313890,82812456,2010,4,-16686110,22812456
912,2002-12-13,Star Trek: Nemesis,60000000,43254409,67312826,2002,50,-16745591,7312826
913,2002-02-19,Reign of Fire,60000000,43061982,82150183,2002,8,-16938018,22150183
914,2009-11-20,Planet 51,60000000,42194060,108996113,2009,47,-17805940,48996113
915,2009-03-20,Duplicity,60000000,40572825,81079566,2009,12,-19427175,21079566
916,2008-09-12,Righteous Kill,60000000,40081410,78481410,2008,37,-19918590,18481410
917,2009-12-11,Invictus,60000000,37491364,124514011,2009,50,-22508636,64514011
918,2009-04-17,State of Play,60000000,37017955,88832210,2009,16,-22982045,28832210
920,2006-04-21,The Sentinel,60000000,36280697,78080697,2006,16,-23719303,18080697
921,2012-09-21,Trouble with the Curve,60000000,35763137,47818913,2012,38,-24236863,-12181087
922,2003-10-10,Intolerable Cruelty,60000000,35327628,121327628,2003,41,-24672372,61327628
926,2019-02-08,Cold Pursuit,60000000,32138862,62599159,2019,6,-27861138,2599159
927,2002-12-06,Analyze That,60000000,32122249,54994757,2002,49,-27877751,-5005243
928,2009-04-24,The Soloist,60000000,31853584,38522450,2009,17,-28146416,-21477550
929,2013-08-21,The Mortal Instruments: City of Bones,60000000,31165421,75965567,2013,34,-28834579,15965567
931,2002-02-22,Dragonfly,60000000,30063805,30063805,2002,8,-29936195,-29936195
932,2011-05-13,Priest,60000000,29136626,84154026,2011,19,-30863374,24154026
933,2006-06-16,Garfield: A Tail of Two Kitties,60000000,28426747,147985373,2006,24,-31573253,87985373
934,2005-04-29,XXX: State of the Union,60000000,26873932,71073932,2005,17,-33126068,11073932
936,2003-07-02,Sinbad: Legend of the Seven Seas,60000000,26483452,80767884,2003,27,-33516548,20767884
937,2005-07-08,Dark Water,60000000,25473093,49473093,2005,27,-34526907,-10526907
939,2006-09-15,The Black Dahlia,60000000,22672813,49238525,2006,37,-37327187,-10761475
941,2008-12-25,The Spirit,60000000,19806188,39006188,2008,52,-40193812,-20993812
942,2001-10-19,The Last Castle,60000000,18208078,20541668,2001,42,-41791922,-39458332
943,2009-01-23,Inkheart,60000000,17303424,66655938,2009,4,-42696576,6655938
945,2006-09-22,Flyboys,60000000,13090630,14816379,2006,38,-46909370,-45183621
946,2014-02-14,Winter's Tale,60000000,12600231,29575033,2014,7,-47399769,-30424967
948,2008-07-11,Meet Dave,60000000,11803254,50648806,2008,28,-48196746,-9351194
949,2005-08-12,The Great Raid,60000000,10166502,10597070,2005,32,-49833498,-49402930
950,2017-02-24,Rock Dog,60000000,9420546,24148488,2017,8,-50579454,-35851512
951,2015-01-23,Mortdecai,60000000,7696134,30396134,2015,4,-52303866,-29603866
952,2008-01-11,In the Name of the King: A Dungeon Siege Tale,60000000,4775656,13233220,2008,2,-55224344,-46766780
953,2003-10-24,Beyond Borders,60000000,4426297,11427090,2003,43,-55573703,-48572910
954,2016-02-05,Xi You Ji zhi Sun Wu Kong San Da Bai Gu Jing,60000000,709982,194058503,2016,5,-59290018,134058503
955,2015-12-11,The Ridiculous 6,60000000,0,0,2015,50,-60000000,-60000000
956,2019-11-08,Midway,59500000,0,0,2019,45,-59500000,-59500000
957,2018-03-23,Sherlock Gnomes,59000000,43242871,87527651,2018,12,-15757129,28527651
958,2019-01-25,The Kid Who Would Be King,59000000,16790790,28296983,2019,4,-42209210,-30703017
959,2016-02-12,Deadpool,58000000,363070709,801025593,2016,6,305070709,743025593
960,2014-12-25,American Sniper,58000000,350126372,547326372,2014,52,292126372,489326372
961,2015-10-16,Goosebumps,58000000,80069458,158905324,2015,42,22069458,100905324
964,2012-01-20,Red Tails,58000000,49876377,50365498,2012,3,-8123623,-7634502
965,2005-09-16,Just Like Heaven,58000000,48318130,100687083,2005,37,-9681870,42687083
966,2013-06-07,The Internship,58000000,44672764,93672764,2013,23,-13327236,35672764
968,2008-04-04,Leatherheads,58000000,31373938,41348628,2008,14,-26626062,-16651372
969,2017-03-24,Life,58000000,30234022,100929666,2017,12,-27765978,42929666
970,2009-12-18,Did You Hear About the Morgans?,58000000,29580087,80480566,2009,51,-28419913,22480566
971,2008-12-12,"Che, Part 1: The Argentine",58000000,1802521,31627370,2008,50,-56197479,-26372630
972,2008-05-30,Sex and the City,57500000,152647258,415247258,2008,22,95147258,357747258
973,2010-09-10,Resident Evil: Afterlife,57500000,60128566,295874190,2010,36,2628566,238374190
974,2012-06-15,That's My Boy,57500000,36931089,58085235,2012,24,-20568911,585235
976,2012-02-17,Ghost Rider: Spirit of Vengeance,57000000,51774002,149217355,2012,7,-5225998,92217355
978,2004-11-12,After the Sunset,57000000,28328132,38329114,2004,46,-28671868,-18670886
979,2001-08-17,Captain Corelli's Mandolin,57000000,25528495,62097495,2001,33,-31471505,5097495
980,2014-12-25,Into the Woods,56200000,128002372,213116401,2014,52,71802372,156916401
981,2003-04-11,Anger Management,56000000,135560942,195660942,2003,15,79560942,139660942
982,2005-03-04,The Pacifier,56000000,113006880,198006880,2005,9,57006880,142006880
983,2004-04-02,Walking Tall,56000000,46213824,47313824,2004,14,-9786176,-8686176
984,2016-01-22,Zhuo yao ji,56000000,32766,359495591,2016,3,-55967234,303495591
986,2007-12-14,Alvin and the Chipmunks,55000000,217326974,362605033,2007,50,162326974,307605033
987,2018-11-02,Bohemian Rhapsody,55000000,216303339,893777131,2018,44,161303339,838777131
988,2005-02-11,Hitch,55000000,177784257,366784257,2005,6,122784257,311784257
990,2006-12-15,The Pursuit of Happyness,55000000,162586036,307311093,2006,50,107586036,252311093
994,2017-02-10,Fifty Shades Darker,55000000,114434010,381398492,2017,6,59434010,326398492
995,2013-10-11,Captain Phillips,55000000,107136417,220648184,2013,41,52136417,165648184
997,2003-08-01,American Wedding,55000000,104354205,126425115,2003,31,49354205,71425115
998,2017-11-10,Murder on the Orient Express,55000000,102826543,345922730,2017,45,47826543,290922730
999,2014-09-26,The Equalizer,55000000,101530738,192903624,2014,39,46530738,137903624
